624501938
790692109
53696514
946097151
29895366
400817408
141881326
996750641
271011485
295177116
971191172
805299183
701135868
76707064
209598182
679295712
216700738
173756711
543847570
97415267
793343212
510757816
1068580066
875874838
686473490
655087413
889492875
608338
920344294
366186663
981174561
41533867
367790138
548049678
5367440
642444915
896881913
308869867
195719330
76932149
34869930
865753528
760085886
428572988
141329394
188930412
275416612
288507916
803790865
932958202
559293940
740666086
225954402
517194449
206244391
1012451143
240073182
936401499
338284882
970101095
984305816
720160128
20470504
796061627
277685056
179932451
669255351
1068254837
914157729
616519586
125854824
21623554
105367845
708418648
17060609
875247497
801252943
819775260
634359909
235312752
864383550
194071489
510081232
522788313
900792110
993438101
691353182
255075103
682258168
929193701
826941571
836791899
266177167
253709430
1025346450
867882468
444369283
565053707
894126136
518605256
373213568
793158884
55972608
937742166
975304142
30825787
141013967
842919062
153722577
767541191
739052903
1029342156
220184968
714915387
50109670
691511035
693354255
66793926
231729478
589769567
89867295
572640914
264757981
177251568
265429132
717948743
1032532701
498250211
421138116
971530376
65469139
1046556202
102460244
845165682
646775849
247932658
453139556
651224610
920084390
639911458
503572792
441189678
579040491
495857120
303595952
421355817
443941366
884065293
163673543
696323362
293243553
244411846
297983253
342807331
318847009
105134820
870968910
105912244
836839562
465142139
298239683
130493784
253144647
947218780
393322974
241866764
948207525
206661525
105447593
629686477
531813959
37595630
397394246
786569489
680623793
218165868
936388213
997371467
271865791
200762063
408506132
1009298794
731234861
131250198
457219480
178837080
1045889039
123467256
360910743
168746877
696222808
1009779306
702612799
531351867
842707542
126103838
1000569054
63349106
547065138
383926016
961947227
710751996
911955826
418037178
1066312377
65125680
1033347704
169045807
329638809
368992097
798379523
426250497
914044598
743523421
864155563
625711117
255142249
556827121
891935335
271997932
771678245
1046904929
331750921
762688114
650796538
905301491
682825406
99547952
68074516
852779619
640906384
886741748
294244667
28267118
238019302
478865221
1056950610
296383306
16160769
858030570
452570330
220130858
603804800
660874339
629692527
173753277
547214043
492591980
989848648
342179757
987277032
53752447
381516729
196631586
1379675
1038831440
769729714
520426814
232794944
773127505
571766591
468888737
816561537
211462446
205767944
400481508
445692005
528403537
526594257
815594784
839800588
110446685
590099961
624202855
952638198
541831860
115286013
111598920
172604284
107188211
201421300
10991949
851674451
582352754
152944146
979571838
499952143
468702919
75984168
255441117
488734619
441822530
655685152
528650730
124006339
612521841
115606915
961306654
786323373
338023068

